e1 6 7 5
e2 50 60 1
e3 35 45 8
e4 6 17 3
e5 32 43 3
e6 84 93 5
e7 54 64 8
e8 67 68 1
e9 86 96 5
e10 20 29 6
e11 87 88 6
e12 72 83 9
e13 1 4 6
e14 39 49 4
e15 25 26 1
e16 81 92 5
e17 36 37 4
e18 4 5 6
e19 18 19 3
e20 1 3 1
e21 32 33 6
e22 21 31 7
e23 44 55 2
e24 22 23 8
e25 48 58 5
e26 79 90 9
e27 34 35 4
e28 27 37 4
e29 30 60 9
e30 42 52 1
e31 37 47 2
e32 45 46 5
e33 8 10 2
e34 11 41 3
e35 27 28 7
e36 75 84 10
e37 76 85 1
e38 30 39 7
e39 7 8 1
e40 65 74 5
e41 73 74 5
e42 88 98 4
e43 76 77 2
e44 92 93 10
e45 97 98 9
e46 47 58 3
e47 86 97 10
e48 82 83 7
e49 15 25 6
e50 34 43 8
e51 87 97 3
e52 12 21 5
e53 84 94 10
e54 93 95 3
e55 83 92 1
e56 16 17 9
e57 53 54 7
e58 4 14 9
e59 78 79 3
e60 68 69 9
e61 11 31 9
e62 13 14 10
e63 86 87 1
e64 60 80 10
e65 62 72 4
e66 12 22 2
e67 63 72 1
e68 98 99 1
e69 49 50 3
e70 61 62 6
e71 95 96 2
e72 80 90 7
e73 19 28 8
e74 69 70 9
e75 43 52 1
e76 19 29 1
e77 47 48 9
e78 14 24 4
e79 56 57 8
e80 64 65 5
e81 24 33 1
e82 45 55 8
e83 51 52 2
e84 85 96 9
e85 9 18 9
e86 65 66 2
e87 59 70 9
e88 53 64 2
e89 7 18 8
e90 72 82 5
e91 38 48 2
e92 72 73 5
e93 58 67 4
e94 77 86 4
e95 59 68 4
e96 48 59 8
e97 60 70 8
e98 71 91 7
e99 46 56 2
e100 85 86 8
e101 42 43 5
e102 56 66 1
e103 73 83 10
e104 10 20 4
e105 96 97 2
e106 94 95 10
e107 9 10 3
e108 80 100 6
e109 18 28 5
e110 89 90 5
e111 68 78 10
e112 71 81 10
e113 69 78 3
e114 99 100 1
e115 55 65 8
e116 54 65 1
e117 50 59 8
e118 89 99 5
e119 69 79 2
e120 31 41 4
e121 49 59 8
e122 61 71 5
e123 35 36 9
e124 63 73 5
e125 16 25 8
e126 2 13 8
e127 51 71 8
e128 30 40 2
e129 67 77 9
e130 20 60 4
e131 18 27 5
e132 23 33 2
e133 52 53 8
e134 52 61 1
e135 24 25 5
e136 37 48 8
e137 87 98 2
e138 48 49 9
e139 21 22 8
e140 34 45 5
e141 19 20 7
e142 81 82 4
e143 57 58 4
e144 55 56 2
e145 66 67 10
e146 40 50 2
e147 46 47 3
e148 41 71 9
e149 3 4 5
e150 44 54 6
e151 6 16 3
e152 40 49 10
e153 47 57 9
e154 5 8 5
e155 41 51 2
e156 13 23 6
e157 44 45 4
e158 83 84 8
e159 15 16 8
e160 52 62 7
e161 75 85 1
e162 3 14 3
e163 78 87 1
e164 2 12 8
e165 27 38 8
e166 90 100 7
e167 64 74 5
e168 71 82 3
e169 57 67 7
e170 53 62 6
e171 59 69 7
e172 29 30 6
e173 12 23 2
e174 39 40 6
e175 58 59 1
e176 77 78 6
e177 35 46 6
e178 20 80 7
e179 58 68 2
e180 84 85 4
e181 9 19 1
e182 11 12 5
e183 29 39 5
e184 20 30 6
e185 53 63 2
e186 74 75 7
e187 7 17 7
e188 55 66 10
e189 31 42 2
e190 76 86 6
e191 71 72 7
e192 26 36 5
e193 26 35 1
e194 74 83 5
e195 85 95 2
e196 54 55 1
e197 37 38 5
e198 88 89 3
e199 5 15 4
e200 16 27 5
e201 91 92 7
e202 74 84 9
e203 40 60 6
e204 28 38 4
e205 64 73 6
e206 95 97 7
e207 12 13 1
e208 36 46 7
e209 9 20 9
e210 5 6 9
e211 8 18 4
e212 28 29 2
e213 91 93 1
e214 77 87 7
e215 24 34 8
e216 56 67 10
e217 70 79 3
e218 66 75 5
e219 11 21 8
e220 31 32 1
e221 33 43 9
e222 22 31 3
e223 66 76 3
e224 65 75 8
e225 41 52 7
e226 63 64 6
e227 22 32 5
e228 51 61 5
e229 37 46 5
e230 95 98 5
e231 67 76 7
e232 46 55 4
e233 33 34 5
e234 11 71 8
e235 75 76 9
e236 59 60 7
e237 79 80 2
e238 26 27 3
e239 28 39 3
e240 78 88 2
e241 39 48 4
e242 25 35 9
e243 8 9 8
e244 5 14 9
e245 34 44 4
e246 1 11 8
e247 2 11 6
e248 14 23 8
e249 22 33 7
e250 38 39 3
e251 46 57 9
e252 43 53 4
e253 32 42 4
e254 93 94 2
e255 79 89 3
e256 17 27 6
e257 6 15 9
e258 25 34 2
e259 62 71 6
e260 17 18 4
e261 23 24 6
e262 2 3 5
e263 70 80 10
e264 82 92 4
e265 43 54 1
e266 6 8 7
e267 41 42 7
e268 95 99 7
e269 88 99 9
e270 85 94 4
e271 14 25 7
e272 3 13 5
e273 27 36 6
e274 79 88 1
e275 43 44 8
e276 68 77 5
e277 90 99 10
e278 14 15 6
e279 1 2 3
e280 83 93 9
e281 62 63 9
e282 81 91 4
e283 16 26 2